01111111011100000000000000000100
01110101010000000000000000000000
01000110001110011001001011010110
01100000000011100000000000000000
01111000111110000000000000000000
11111111100000000000000000000001
01111111100000000000000000000000
01010000000000000001000001010000
11001101001011111110111111101001
01000110001110111000100110111011
11000011110101110011110010000000
11000011101000111110000110000000
01000110101010000100101100000000
01110110111110000000000000000000
01000011011101000001001110000000
01000110001110001011101001001010
11000011000110110111101010000000
01000110001000000001110100110011
11000011111110111001000111000000
