0000000000011100000000000000000100000000000000000000000000000001
0000000000000000000000000000000110111111110010111010000000000000
1011111111001011101000000000000010100000010101010111101010100000
0000000000000000000000000000000000000000000000000000000000000000
1000100000001011101001100000000010111111110010111010000000000000
1111111111111111111111111111111111111111111111111111111111111111
0000000000000000000000000000000000000000000000000000001111111111
1100110100101111111100000000000010111111110010111010000000000000
0000000000000000000000000000000000000000000000000000000000000000
0100001011111000010001000000000010100001011111000010101111100000
1011111111001011101000000000000000000000000000000000000000000001
0100001001100000110010100000000000000100111111000010101011100000
0100011010101000010010110000000010111111110010111010000000000000
0000000000000000000000000000000000000000000000000000000000000000
0100010101111101000101010001110011111000001010101011110101010100
0000000000000000000000000000000000000000000000000111111111111111
0100001011111000010001000000000010111111110010111010000000000000
1100001001011110111010010000000010111111110010111010000000000000
1100000110111001111100000000000000000000000000000000000000000001
1010111101011111010111111111110101010111110111000101010101000000
1111111111111111111111111111111111111111111111111111111111111111
0100010111110010001100110000101010111111110010111010000000000000
1100001011011010011010011000000000000000000000000000000000000001
0000000000000000000000000000000000000000000000000000000011111100
1010111111111001010101011000010101000001010111000011010101011000
