1111101111100001001001001001000111010100100010010110101101100001
0000000000000000000000000000000000000000000000000000000000000000
1001110000100010100010001011000101101010101111101110011001001010
0111111111110000000000000000000000000000000000000000000000000000
1111111000011101101000001001100100100001010000101100110010000011
1111111111110000000000000000000000000000000000000000000000000001
0000011000110111010001000110100101111110111111100011010100011011
1011100011111001101001100000010111101111010000010011110111000000
1111111111110000000000000000000000000000000000000000000000000000
1100000010110101000101100001011000110011001110000100100001000111
0000011000100110111001111010111001011100101011111100111101011010
1111111111110000000000000000000000000000000000000000000000000001
1111111111110000000000000000000000000000000000000000000000000001
1111111111110000000000000000000000000000000000000000000000000000
1111100101110100100001110011011101011110000101111011000010010001
0100000100111111100101011001111101111011100111110111101110011111
0100000100010011100011011010001111000010011011101000001100111101
1000000000000000000000000000000000000000000000000000000000000000
1100000100100011101010110111110111001110100001111110101010011100
1101011011001010000110111100000001110011001011101000000111000100
0111111111110000000000000000000000000000000000000000000000000001
0011111100011000101010101011000100110010100000001010001010001001
0100000011011001011001101110111001000101001111011001101101010111
1000011001100000000111011001101101111001111101011100111010011110
