01111111100000000000000000000000
11111111100000000000000000000001
11000101111010010101011000110110
11100011100010011111010101010000
01111111100000000000000000000000
11111111100000000000000000000001
01111111100000000000000000000000
11111111100000000000000000000000
10110110000001010101001100001000
01000010101111110110000101101000
11111111100000000000000000000000
11000000110110101010001010001101
10000000000000000000000000000000
01010011100111011010011101111110
00111111011101110101110000101101
11000011010101010010011001001001
01000000101101100001000001011001
00111110101001001111001100100001
01000000011001101101110100001100
