01000101100100101001011111000010
01000101001111011100010000101000
11000011100101110011110010000000
01000101011000011000110001010000
11000011101011000111111100100000
11000011110111011111010000000000
01000011101101110100000110000000
01000100000111011010011110010000
01000010111011111110001100000000
01000110001110011001100100110011
11000011000001000011110010000000
01000101000111000000111010111000
11000011110001001111011101100000
11000011101111111111101011000000
01000100110101100010100111101000
01000101110001100100000000000000
01000100001011100001111011000000
01000011111101000000001111000000
01000101011010010001000111000000
01000101010001110100110011110100
11000011101110001111100100100000
01000100010110011111110001000000
01000110001101100111110100110011
01000100100010111110000111101000
01000101101000100110001100001010
01000011010100000111110100000000
01000100001111100001100011000000
11000001010010001011010000000000
11000011000000001011001000000000
01000110000010000011110001000111
01000101101010111010000011001100
11000011010001101000000101000000
01000110010001111000001001100110
01000110001011000111001110011001
010001101000101101010010001100110
01000101000111010011101010111000
01000100001101111010000001100000
01000110011101011010011110011001
11000011100001110000101101100000
11000011110101101100110111100000
01000101001100000011101110000100
01000101110000101001010010111000
01000101011011101011010110011000
01000101000000011011101111010100
01000100010000100110110110000000
01000010110001001001100000000000
01000101010011000000111100110000
01000011100111111111100000000000
01000100010111000110101011000000
11000011110101001001000001100000
01000101011101010000100001010000
01000110001011111000000100110011
01000101111100000100010000000000
01000110000010111000111011001100
01000101001011100000101011100000
01000011010011110100101101000000
11000011100011101101011001100000
01000011100101000011001010100000
01000100011000101111000110000000
11000011110100010100011010000000
01000011110110011110100101100000
01000101110111111101101111010110
11000011101100110010100001100000
01000101110001010010000101011100
01000100000101001110101011010000
01000101110110000100011000111100
01000101001111111110000000101000
01000100001111110001011101010000
01000101110010101010111110000100
01000010001000110101110000000000
01000101001001000100000100011100
01000110000011001100110010011001
11000010101101000101111100000000
01000011000000010001000011000000
01000100111100100011000111101000
11000011100010100010110111100000
01000011101000010010111010100000
01000100001000101011001111110000
01000100001010110010010110110000
01000101001101010000101100001000
11000011001011101001101000000000
01000100001000011100111110110000
11000011000111110011000111000000
01000101100011100101010010100010
01000101011000111110101110101100
010001101010010001111011001100110
11000011110101000110001010000000
01000011111011011100101011100000
01000101100001000111010000101000
01000100100110010100100000000000
01000101011000101000001010001100
01000101001110010001001110101100
01000110000001110110100011100001
01000011111011101110011111000000
01000011100100010011100100100000
01000101110010010100011110000100
11000011010001101011000100000000
11000011110001110110110111100000
01000101001011000101000111101000
01000100111101111111000001010000
01000100010111011010111100000000
01000101110101111101011010111000
01000101100001000000101011001100
01000100100101001000000110011000
01000011101001000101100010100000
01000101010001011111000101110000
01000101101001010000010000111100
01000101101011001101011111000010
01000101000111101010000111101000
01000101111011100111010010001110
11000011110111001101010100000000
01000101000010101101011101011100
01000100101000010000101010001000
01000100101101000011000110011000
01000011111111110001111011000000
01000100011111010000001111010000
010001101011100011100101011001100
11000011110010001000101000100000
010001101000010000100011011001100
01000101101001110101010000000000
11000010100110011100000110000000
11000010100101000111100110000000
01000100011010000100011100000000
11000011101101110100001010100000
01000101100010101110000011001100
01000101100011100100110111101010
11000011101001001101001001000000
01000100111101111100101100110000
01000100101111111111111110101000
01000010001101001101101100000000
01000110010100011010111110011001
11000011000110100100010110000000
01000011000111101010010001000000
01000101100010111100111110011000
11000011110110110000100000100000
01000101000111001010001001100100
01000101100010011001110100001010
01000010111000100101011110000000
11000011010001100010111010000000
01000101010011101110100011001100
01000101010100111111110001010000
01000110000011100110001101000111
01000011001000000010110011000000
11000011101101110001100100100000
01000110011010110010100011001100
01000110000101111110001100000000
01000110000001100110101100101000
01000011110111000111100101100000
01000101000000101000111001100100
01000100100100100100111010111000
01000101101000100001001011110100
01000100101000110100110001111000
01000100111011111100011101011000
01000100110001101100000011110000
01000100000100111100101111110000
01000100111010001110011110101000
01000101011000010101111010001100
11000011001010000001011010000000
01000110000000001000100111010111
01000100010110110010010001010000
01000101110011001111001000101000
010001101000100000101010001100110
11000011000001110011101101000000
01000100010010110110111100000000
01000011111011001011011001000000
11000011100000010101011100100000
01000101000000111100101110000100
01000110010010010001110100110011
11000011101111010111011000000000
01000101101000110110110011001100
01000101001001100100011110101100
01000011101001110000010011000000
11000011110011100011110011000000
01000100011011100101111111010000
01000110000001001001101100110011
01000100110000100011000000000000
11000011000010111011010010000000
01000110000011100001000011100001
01000101011011100001010110011000
11000011110001111111111001000000
01000110010011110000011000000000
11000010110101100101111000000000
01000011011000111001010010000000
11000010011100001110000100000000
11000011110010010011111010100000
01000101101001001001110101000110
11000011100111000110101111100000
01000110000111011000111001100110
01000101101110000011101010111000
11000010111111100000111110000000
01000100110010110110011000010000
11000011111010111010100010100000
01000100100011110011110011001000
01000101101101111101000010111000
01000100011001000011111110010000
010001101100111001001101001100110
01000100100011100100010111000000
11000011011100000100000101000000
010001101000101110101000001100110
01000011011100001111100011000000
01000101101101010001000101011100
01000101111111111010101001010000
01000010100111010101001010000000
01000101011010000010101111010100
01000101011100100001001011100000
11000011110001100001111100100000
01000101001110000101000001010000
01000100111010110000011001100000
01000110001101110001001110011001
01000110000111111100010110011001
01000101100110010100110111101010
01000110010110100000111011001100
11000011010011000100000101000000
01000100001100111101101110000000
01000101100000100001100001010000
01000011010111100010010100000000
01000100010110101110101000100000
11000001100101000110110000000000
01000100011011011101011101000000
11000011100101100101011010000000
01000101001001010011010001111000
01000100110010001001010011001000
01000100010100100110111111010000
01000100110110011100011100001000
01000101001000000100111110101100
11000011101100001101100110100000
01000011100001001010100001000000
01000100000000100110011111000000
11000011010101011001001011000000
01000110000001010101111001000111
11000001010010011000110000000000
01000010011011111011110100000000
01000110011100101001101001100110
01000100100011011100010111000000
11000011110011000000010001100000
11000011000110100111001001000000
01000110001100101011101011001100
11000011011100100100100001000000
01000100110001111111000101000000
11000011100000011010110000000000
01000101000101010111110011110100
11000011101110101011111010100000
01000101101001100110101010100010
11000001010011111001000000000000
01000101001000101001001001100100
11000011001111001111100011000000
11000010101100010110110100000000
01000011000100110111010111000000
01000100111101111000100101000000
01000101110001110011010100011110
01000011111000010101000111000000
01000100100111001010011110101000
01000011100111110010000100000000
01000101100010110100100101110000
01000100101001010000101100110000
01000110011001100100001000000000
01000101101001101001011101000110
01000011101000110110011011000000
01000101001101101100100011001100
11000010001111010110011100000000
11000011011101110100010100000000
01000101011110100100011110000100
01000101000000001011111111010100
01000001110101001100000000000000
01000101100111000001011101000110
11000010000110110011010100000000
01000101001110100101000111000000
11000011001101110111010010000000
01000100110110011001101111010000
01000101101001010100100000111100
01000110000011011000111100000000
01000100101100001100001010001000
01000101000111100111111111010100
01000100011000000000101110000000
11000011100100010100011010000000
01000010100110000001011100000000
01000101010101010011110001010000
01000110011001100010010011001100
01000101011101011001001111010100
01000100101001110110100110011000
01000011100011010010110101100000
01000101011111001011000011110100
01000101001101010010000000000000
01000100101111001000111001100000
01000100101000011101101000111000
11000010001001001010110000000000
01000100011011111000101101010000
01000011011111110000110011000000
01000110000110110010110111010111
01000100101001010100101111010000
01000110000010000101100011010111
11000011010100101011100001000000
11000011100001111100001010000000
01000110010111100010100110011001
01000110001111000011110110011001
01000101001000111110001101011100
01000101000110111000010001111000
01000101000111000100110111000000
11000011100101100110101011000000
11000011110101010110111101000000
01000101100011011111010101000110
01000101101000111100100001010000
01000101100011100011111101011100
01000100001000101111011101000000
01000101100100100111010100011110
01000101110111010111101111010110
01000101000001101010010011001100
01000100110010010100111010111000
010001101001100110111100011001100
01000101000010000101010001010000
01000101011101100110010010100000
01000110001111100001000110011001
01000100101100110010011101011000
01000101110110101100100101000110
01000001111000010011111000000000
01000100110111000011000000000000
11000001100000100111010000000000
01000101010111100100010011001100
11000011100000101100010100100000
01000110000101111010110010111000
01000110001001011110101100110011
01000110001010000101001011001100
11000011110011010011100000000000
01000101000101010111110111101000
01000100111001110001111100001000
01000100101010101010010001111000
01000100011100011111010100100000
11000011101011010101011100100000
01000100110000100001111110101000
01000011100000100101010111100000
01000011110010100100010101100000
11000011101101100111101001100000
11000011111010110111011001000000
01000101001011110111110111101000
01000101000011111011001110101100
01000101100010010001000010100010
01000100111001011101110100011000
01000101100111111111011000010100
01000110100010010111101100000000
01000100101000010100000001010000
01000101010001100011100011110100
01000110000111000000001110001111
01000110001000010100100011001100
01000101011000111001110101110000
11000011100111001111111010100000
01000100110111010010110011001000
11000011110000010110111110000000
01000100111010010000110000101000
01000100111111110101010011001000
11000011110111010101011010000000
11000011100101111110001001000000
01000110000101000011010101111010
01000100000111000001010110110000
11000010101110010100011110000000
01000110000001110000000000010100
01000101100101110110111000000000
11000011101111001000001011000000
01000100110100010001100101000000
11000011001001100011010110000000
01000101001000011001110101000100
11000011000110000101000110000000
01000101101000000110111001100110
01000101101101000100100101000110
11000010100011100111001000000000
01000101001110110100101110101100
01000100101011001001000000000000
01000010010101001000101000000000
01000101100110001000100010111000
01000100111000010000001011100000
01000001000110100000000000000000
01000101000110001111010111101000
01000101001100111000110000101000
01000100101001010100111000010000
11000011101011000111101101100000
01000101000100111011100111101000
01000100111000111000001011100000
01000100111111111011000010100000
01000101001100101001101000010100
01000110010011010000001001100110
11000011100111110101011001100000
11000011100111100011001000100000
01000101110001001010001001100110
01000100100110010001110001111000
01000100001010111111101110100000
01000110000011010000111000010100
01000100101000111100100000000000
01000101100011010100111110000100
01000101100000010011001100011110
11000010011011110001001100000000
11000010101110101111111110000000
01000011100001001111100000000000
01000100011110011101001010110000
01000100011000110110011111000000
01000100010100110111100110010000
010001101011000001001111100110011
01000100100101001101101111010000
01000101010001011111110011001100
01000101001100001101101110000100
01000101100110000101011100001010
01000100011100000001111011010000
01000101001010110000111111010100
01000011111010111011010100100000
01000101001010011010101110000100
01000101000010110011110010100000
01000100101111111001101011100000
01000100110000111001110100011000
01000110101001001110100000000000
01000101101010011011111110101110
01000101111100000111001001010000
01000100011000110000011101010000
01000100001101111100001000010000
01000101000111101000010111101000
11000010001111101000101100000000
01000101011000001001111100110000
01000101100011010111001001111010
01000101000001001101011010001100
01000110010010110001000001100110
01000100100000011010001011100000
01000101011001010010100000000000
01000110001001001010001100110011
01000101111010101000111000111100
01000101000100011101000011001100
01000011100001101011001110100000
11000011110011000011100111100000
01000100000001100101011101000000
01000100111110110010011010111000
01000110010001111100100100110011
11000011011000010110110111000000
01000011111111011111011001000000
11000011110101010110001000000000
01000110010100001100100100110011
01000011101011001011010000000000
01000100101100000011000111101000
01000100000100010110101001000000
11000011110101010111000110000000
01000101001011110111100000000000
01000100101110010100111100001000
01000101000101000000100100011100
11000011010011111110111100000000
01000011010011101110001011000000
01000101111001110110010011100000
01000011101001110011000100000000
01000101000110011000000100011100
01000100111011110010001000111000
01000101111110101111101001010000
01000110011111000110110001100110
01000101101100111011011000101000
01000100101010110111110100011000
11000011110011001010100001100000
11000011101010111001110100100000
11000011100001111101110100000000
11000011101011111001010100100000
11000011110101011001100101100000
11000011101010000001011101000000
11000011110000110100001000100000
01000100100010010010100101000000
01000101011111001100011100110000
01000100100001011111110001111000
01000011000101010000010010000000
11000011111000101110111101000000
11000011110001001001111001100000
01000101011100011110001000111100
01000110000000001010110000010100
01000101111100111100001001100110
01000101110110000100100011100000
11000011000011111010111110000000
01000101000100100011110011110100
01000100111000000010001110000000
01000100100101010011101110000000
01000101100011101000101110101110
01000101011111110001111110000100
01000101000011110101101100110000
01000101010001110100110001111000
01000100010011111010111111000000
11000011010010011100100001000000
01000100100000000001110001111000
11000011110110010110001010000000
01000100110011011110010100011000
01000011110110011001010010100000
01000010001001101100001100000000
01000101001110011011110000101000
01000100111100100000110111000000
01000110000110000100010011100001
01000101000011101110011011100000
010001101000010101011100001100110
01000101101010000001100001010000
01000101001100111001110100011100
01000101100111001110001010100010
01000100110000100110000011110000
01000101110111111001001110101110
11000010110111100011110100000000
01000101101101100001000111101010
01000100001100100101010111110000
01000110001100101010111100110011
01000101111010011001110010001110
01000101101100001010111110000100
01000101011110100000110010100000
01000110000100001001110011100001
01000110001001001001001001100110
01000101100101010111011100001010
