00000000000111000000000000000001
00000000000000000000000000000001
10111111110010111010000000000000
10111100000000111100000000000000
00000000000000000000000000000000
11111111111111111111111111111111
00000000000000011111000000000000
10001000000010111010011000000000
11001101001011111111000000000000
01000010111110000100010000000000
00000000000000000000000000000000
01000010011000001100101000000000
01000110101010000100101100000000
00000000000000000000000000001111
01000010111110000100010000000000
11000010010111101110100100000000
11000001101110011111000000000000
01000101111100100011001100001010
11000010110110100110100110000000
00000000000000000000000000000000
