1000000000000000000000000000000000000000000000000000000000000000
0000000000000000000000000000000000000000000000000000000000000000
1001101111011011101000000000001101000001101110000000110111000010
0000000000000000000000000000000000000000000000000000000000000000
1000111001010110000111100000111001011001111111010100110001000010
1111111111110000000000000000000000000000000000000000000000000001
0111111111110000000000000000000000000000000000000000000000000000
1101001101111001100011000110011110000101101011100001001110000011
1000000000000000000000000000000000000000000000000000000000000000
1100011011001000010000000000010101111001011000011010110110000001
0000010111100001000100011110111101010000101100010100000111101111
1111111111110000000000000000000000000000000000000000000000000001
1111111111110000000000000000000000000000000000000000000000000001
1000000000000000000000000000000000000000000000000000000000000000
1111111111110000000000000000000000000000000000000000000000000000
0111111111110000000000000000000000000000000000000000000000000000
0100011100100110011111001011000100101001010111000111011001101000
1000000000000000000000000000000000000000000000000000000000000000
1100010010111001110110000111111101000011111111101011111000101011
1011010110101001000110010011001101100100010100011010010000011011
0111111111110000000000000000000000000000000000000000000000000001
0100101100011111111010100001000011000100000001111100011111100011
0100011010110001010011100001111001011000000101001101100110010110
1111111111110000000000000000000000000000000000000000000000000000
