01111111100000000000000000000000
01010001110000000000000000000010
11000110100100111010000001111011
11011100100100100010100100000000
00000000000000000000000000000000
11111111100000000000000000000001
01111111100000000000000000000000
10011000100010111011011111001100
11010001011110111110001100101000
01001001101100111111110110110110
10000000000000000000000000000000
11000110101010001001001011100100
10001101001011010100000100010111
01111011100110001011101001010100
01000110011010001010001110100000
11001001001000011001101111000111
01000101010000000001011101100010
01001011100100111010010100000111
01000111001010000000101111010100
