1011110000001110000000000000000001000110001110011001100100110011
0000000000000000000000000000000000000000000000000000000000000000
1011111111001011101000000000000010100000010101010111101010100000
0000000000000000000000000000000000000000000000000000000000000000
0100011000111001100110010011001100000000000000000000000000000000
1111111111110000000000000000000000000000000000000000000000000001
0100001110110111010000011000000011110001110011100101010101010100
1100110100101111111100000000000010111111110010111010000000000000
1100001111010111001111001000000010001100011100110011001001100111
1100001110111111111110010011101110111111111101011110100000111101
1011111111001011101000000000000000000000000000000000000000000001
1111111111110000000000000000000000000000000000000000000000000001
1111111111110000000000000000000000000000000000000000000000000001
1010111110001001000011110000111000011111110000000011110101010101
1111111100000010101010000001010101111111000111110000000111101010
0000000000000000000000000000000000000000000000000000000000000000
0100010000011101101001111001011010010111000000111111010111110100
1100001001011110111010010000000010111111110010111010000000000000
0100001011101111111000101111110110110011110011100101010101010100
0100011000111001100110010011001110000110000000111100011000000001
1111111111110000000000000000000000000000000000000000000000000001
0100010111110010001100110111101011111010101010111010000000000000
1100001111000100111101111001010111000100110011100101010101010100
1100001110111111111110101100000010000110000000111100011000000001
